[Optimizer]
lr = 1e-3
t_0 = 0
t_1 = 2
h = 1e-4

[Params_var_0]
var = 0
noise_level = 0
window = 19
decay = 0.4196335797473339
nbr_epochs = 1.1374840300462927
lr_0 = 0.00024394612574412937
lr_1 =  0.00047922883679609097
lr_2 = 0.00022289131103715734
clip_0 = 36
clip_1 = 20
clip_2 = 7


[Params_var_001]
var = 0.05
noise_level = 1
window = 92
decay = 0.4196335797473339
nbr_epochs = 2.070920727602135
lr_0 = 0.0007666232328092258
lr_1 = 0.0006608798801600714
lr_2 = 0.0006611129944422842
clip_0 = 36
clip_1 = 20
clip_2 = 7


[Params_var_01]
var = 1
noise_level = 0.5
window = 100
decay = 0.20356510566445468
nbr_epochs = 3.8257790061841805
lr_0 = 0.0009293397227128238
lr_1 = 0.0008963936910916549
lr_2 = 0.0001293883789197922
clip_0 = 35
clip_1 = 29
clip_2 = 25


[Params_var_001_]
var = 0.01
noise_level = 0.5
window = 71
decay = 0.4196335797473339
nbr_epochs = 1.2118912750427735
lr_0 = 0.000505993606306792
lr_1 = 0.000878693205178249
lr_2 = 0.0006574942827579412
clip_0 = 36
clip_1 = 20
clip_2 = 7


[Params_var_01_]
var = 0.01
noise_level = 0.5
window = 74
decay = 0.7478976253711065
nbr_epochs = 3.2363833085246982
lr_0 = 0.0009458103020698372
lr_1 = 0.0008866281665016218
lr_2 = 0.00025661453859391546
clip_0 = 35
clip_1 = 29
clip_2 = 25